Time (s), Temperature (°F), Humidity (%)
1, 71.21,  31.26
2, 71.23,  31.11
3, 71.23,  30.92
4, 71.21,  30.74
5, 71.22,  30.53
6, 71.22,  30.44
7, 71.21,  30.33
8, 71.23,  30.18
9, 71.20,  30.09
10, 71.24,  30.00
11, 71.20,  29.86
12, 71.21,  29.73
13, 71.20,  29.63
14, 71.17,  29.58
15, 71.21,  29.57
16, 71.20,  29.49
17, 71.24,  29.62
18, 71.28,  30.04
19, 71.29,  30.07
20, 71.28,  30.26
21, 71.29,  30.13
22, 71.30,  30.11
23, 71.28,  30.32
24, 71.32,  30.54
25, 71.29,  30.62
26, 71.31,  30.48
27, 71.32,  30.16
28, 71.31,  30.62
29, 71.32,  30.39
30, 71.17,  29.98
31, 71.08,  29.70
32, 70.58,  29.02
33, 70.24,  28.51
34, 70.09,  28.27
35, 69.61,  27.77
36, 69.46,  27.39
37, 69.36,  27.13
38, 69.15,  26.90
39, 68.86,  26.71
40, 68.66,  26.53
41, 68.46,  26.38
42, 68.11,  26.15
43, 67.92,  26.06
44, 67.68,  25.92
45, 67.55,  25.87
46, 67.41,  25.82
47, 67.25,  25.84
48, 67.14,  25.83
49, 66.99,  25.79
50, 66.89,  25.80
51, 66.73,  25.77
52, 66.60,  25.79
53, 66.44,  25.81
54, 66.33,  25.83
55, 66.24,  25.86
56, 66.08,  25.91
57, 65.98,  25.94
58, 65.92,  26.02
59, 65.87,  26.05
60, 65.76,  26.10
61, 65.69,  26.13
62, 65.59,  26.15
63, 65.57,  26.23
64, 65.50,  26.28
65, 65.39,  26.34
66, 65.38,  26.35
67, 65.30,  26.44
68, 65.24,  26.52
69, 65.23,  26.61
70, 65.15,  26.66
71, 65.10,  26.68
72, 65.03,  26.71
73, 64.93,  26.75
74, 64.85,  26.80
75, 64.77,  26.80
76, 64.63,  26.84
77, 64.58,  26.91
78, 64.47,  26.93
79, 64.36,  27.00
80, 64.30,  27.07
81, 64.10,  27.11
82, 63.98,  27.15
83, 63.96,  27.23
84, 63.92,  27.27
85, 63.77,  27.35
86, 63.70,  27.39
87, 63.63,  27.48
88, 63.55,  27.54
89, 63.53,  27.58
90, 63.51,  27.64
91, 63.41,  27.60
92, 63.39,  27.69
93, 63.32,  27.71
94, 63.24,  27.77
95, 63.20,  27.83
96, 63.12,  27.89
97, 63.06,  27.93
98, 62.92,  28.03
99, 62.89,  28.07
100, 62.78,  28.11
101, 62.71,  28.19
102, 62.56,  28.23
103, 62.52,  28.32
104, 62.47,  28.37
105, 62.35,  28.43
106, 62.30,  28.49
107, 62.21,  28.50
108, 62.14,  28.53
109, 62.06,  28.61
110, 61.99,  28.63
111, 61.88,  28.67
112, 61.79,  28.76
113, 61.70,  28.77
114, 61.67,  28.82
115, 61.57,  28.84
116, 61.49,  28.89
117, 61.45,  28.93
118, 61.40,  28.97
119, 61.36,  29.04
120, 61.30,  29.10
121, 61.31,  29.13
122, 61.24,  29.17
123, 61.22,  29.23
124, 61.22,  29.31
125, 61.17,  29.38
126, 61.14,  29.40
127, 61.07,  29.44
128, 61.04,  29.45
129, 60.99,  29.51
130, 60.94,  29.57
131, 60.86,  29.62
132, 60.74,  29.66
133, 60.66,  29.72
134, 60.54,  29.75
135, 60.50,  29.84
136, 60.42,  29.87
137, 60.34,  29.90
138, 60.15,  29.96
139, 59.71,  29.98
140, 59.39,  30.02
141, 59.22,  30.09
142, 58.97,  30.19
143, 58.99,  30.32
144, 58.71,  30.37
145, 58.50,  30.45
146, 58.21,  30.54
147, 58.28,  30.62
148, 58.28,  30.78
149, 58.33,  30.88
150, 58.36,  30.94
151, 58.37,  31.06
152, 58.38,  31.10
153, 58.35,  31.20
154, 58.24,  31.27
155, 58.00,  31.33
156, 57.94,  31.42
157, 57.81,  31.48
158, 57.70,  31.59
159, 57.60,  31.66
160, 57.46,  31.75
161, 57.40,  31.83
162, 57.35,  31.93
163, 57.04,  31.95
164, 57.00,  32.09
165, 56.87,  32.20
166, 56.61,  32.25
167, 56.35,  32.35
168, 56.31,  32.44
169, 56.33,  32.56
170, 56.26,  32.62
171, 56.24,  32.72
172, 56.18,  32.80
173, 55.98,  32.90
174, 55.75,  32.98
175, 55.69,  33.06
176, 55.74,  33.24
177, 55.77,  33.27
178, 55.86,  33.38
179, 55.86,  33.43
180, 55.96,  33.51
181, 56.02,  33.59
182, 56.06,  33.57
183, 56.08,  33.58
184, 56.16,  33.62
185, 56.19,  33.69
186, 56.23,  33.70
187, 56.26,  33.74
188, 56.29,  33.71
189, 56.35,  33.69
190, 56.37,  33.70
191, 56.37,  33.76
192, 56.38,  33.72
193, 56.35,  33.80
194, 56.28,  33.79
195, 56.21,  33.85
196, 56.22,  33.85
197, 56.19,  33.88
198, 56.14,  33.92
199, 56.18,  33.91
200, 56.18,  33.90
201, 56.14,  33.97
202, 56.15,  33.95
203, 56.13,  33.97
204, 56.11,  34.01
205, 56.08,  33.99
206, 56.11,  34.03
207, 56.07,  34.06
208, 56.03,  34.06
209, 56.05,  34.08
210, 56.09,  34.10
211, 56.09,  34.11
212, 56.10,  34.14
213, 56.13,  34.11
214, 56.09,  34.15
215, 56.00,  34.14
216, 56.00,  34.23
217, 56.00,  34.25
218, 55.89,  34.36
219, 55.79,  34.34
220, 55.79,  34.48
221, 55.76,  34.53
222, 55.78,  34.53
223, 55.77,  34.62
224, 55.73,  34.68
225, 55.68,  34.74
226, 55.69,  34.77
227, 55.79,  34.82
228, 55.83,  34.81
229, 55.86,  34.81
230, 55.89,  34.86
231, 55.91,  34.86
232, 55.95,  34.84
233, 55.98,  34.83
234, 56.04,  34.85
235, 56.04,  34.85
236, 56.03,  34.79
237, 56.05,  34.83
238, 56.04,  34.82
239, 56.05,  34.82
240, 56.05,  34.80
241, 56.04,  34.76
242, 56.05,  34.75
243, 56.04,  34.81
244, 56.07,  34.79
245, 56.06,  34.73
246, 56.02,  34.78
247, 56.02,  34.75
248, 55.97,  34.75
249, 55.95,  34.74
250, 55.83,  34.75
251, 55.75,  34.73
252, 55.56,  34.75
253, 55.49,  34.75
254, 55.47,  34.77
255, 55.46,  34.81
256, 55.31,  34.81
257, 55.15,  34.86
258, 55.00,  34.90
259, 55.04,  34.93
260, 55.01,  34.94
261, 54.91,  35.02
262, 54.78,  35.01
263, 54.67,  35.07
264, 54.61,  35.12
265, 54.57,  35.20
266, 54.50,  35.24
267, 54.45,  35.29
268, 54.43,  35.37
269, 54.45,  35.48
270, 54.38,  35.47
271, 54.32,  35.53
272, 54.28,  35.57
273, 54.27,  35.62
274, 54.24,  35.64
275, 54.23,  35.74
276, 54.19,  35.73
277, 54.09,  35.81
278, 54.00,  35.86
279, 54.00,  35.84
280, 53.95,  35.91
281, 53.73,  35.98
282, 53.65,  36.02
283, 53.60,  36.10
284, 53.64,  36.15
285, 53.56,  36.24
286, 53.49,  36.26
287, 53.29,  36.32
288, 53.12,  36.38
289, 52.99,  36.48
290, 52.95,  36.55
291, 52.99,  36.64
292, 52.91,  36.69
293, 52.86,  36.75
294, 52.85,  36.86
295, 52.82,  36.90
296, 52.79,  36.93
297, 52.79,  36.99
298, 52.77,  37.02
299, 52.76,  37.09
300, 52.78,  37.09
301, 52.75,  37.17
302, 52.76,  37.18
303, 52.74,  37.21
304, 52.78,  37.25
305, 52.81,  37.31
306, 52.73,  37.30
307, 52.71,  37.32
308, 52.72,  37.39
309, 52.66,  37.43
310, 52.62,  37.43
311, 52.62,  37.51
312, 52.56,  37.54
313, 52.50,  37.59
314, 52.40,  37.64
315, 52.35,  37.65
316, 52.33,  37.74
317, 52.33,  37.76
318, 52.29,  37.82
319, 52.27,  37.87
320, 52.24,  37.94
321, 52.22,  37.96
322, 52.25,  37.98
323, 52.23,  38.03
324, 52.19,  38.06
325, 52.20,  38.11
326, 52.19,  38.18
327, 52.15,  38.18
328, 52.09,  38.20
329, 52.07,  38.26
330, 52.05,  38.28
331, 52.04,  38.29
332, 52.02,  38.35
333, 51.99,  38.36
334, 51.98,  38.35
335, 51.98,  38.41
336, 51.97,  38.44
337, 51.95,  38.46
338, 51.99,  38.48
339, 51.94,  38.53
340, 51.95,  38.55
341, 51.93,  38.54
342, 51.95,  38.55
343, 51.93,  38.52
344, 51.92,  38.55
345, 51.86,  38.58
346, 51.85,  38.58
347, 51.89,  38.59
348, 51.76,  38.55
349, 51.62,  38.60
350, 51.53,  38.67
351, 51.42,  38.69
352, 51.29,  38.73
353, 51.23,  38.87
354, 51.28,  38.90
355, 51.33,  38.96
356, 51.34,  38.98
357, 51.31,  39.04
358, 51.30,  39.07
359, 51.29,  39.08
360, 51.26,  39.12
361, 51.23,  39.15
362, 51.24,  39.24
363, 51.24,  39.27
364, 51.21,  39.33
365, 51.18,  39.30
366, 51.16,  39.40
367, 51.17,  39.39
368, 51.06,  39.46
369, 50.97,  39.48
370, 50.95,  39.53
371, 50.96,  39.55
372, 50.96,  39.62
373, 50.93,  39.62
374, 50.92,  39.66
375, 50.92,  39.69
376, 50.97,  39.75
377, 50.93,  39.77
378, 50.95,  39.79
379, 50.92,  39.79
380, 50.94,  39.82
381, 50.91,  39.82
382, 50.94,  39.86
383, 50.95,  39.86
384, 50.91,  39.95
385, 50.92,  39.93
386, 50.90,  39.97
387, 50.88,  39.97
388, 50.93,  40.01
389, 50.92,  40.04
390, 50.92,  40.08
391, 50.83,  40.10
392, 50.84,  40.14
393, 50.80,  40.20
394, 50.68,  40.22
395, 50.72,  40.22
396, 50.71,  40.31
397, 50.65,  40.32
398, 50.60,  40.34
399, 50.60,  40.40
400, 50.61,  40.48
401, 50.55,  40.49
402, 50.46,  40.57
403, 50.35,  40.62
404, 50.37,  40.66
405, 50.35,  40.72
406, 50.32,  40.77
407, 50.31,  40.86
408, 50.28,  40.90
409, 50.25,  40.90
410, 50.21,  40.94
411, 50.21,  40.95
412, 50.20,  41.03
413, 50.17,  41.05
414, 50.18,  41.07
415, 50.20,  41.10
416, 50.22,  41.16
417, 50.19,  41.18
418, 50.14,  41.25
419, 50.15,  41.26
420, 50.15,  41.30
421, 50.20,  41.30
422, 50.21,  41.34
423, 50.20,  41.35
424, 50.25,  41.37
425, 50.23,  41.39
426, 50.23,  41.38
427, 50.16,  41.39
428, 50.17,  41.33
429, 50.17,  41.34
430, 50.22,  41.38
431, 50.15,  41.38
432, 50.11,  41.38
433, 50.03,  41.38
434, 49.97,  41.42
435, 50.03,  41.45
436, 49.97,  41.42
437, 49.99,  41.42
438, 50.03,  41.46
439, 50.00,  41.46
440, 50.04,  41.46
441, 49.95,  41.44
442, 49.95,  41.46
443, 49.95,  41.44
444, 49.96,  41.50
445, 49.94,  41.51
446, 49.90,  41.48
447, 49.89,  41.49
448, 49.86,  41.49
449, 49.88,  41.53
450, 49.83,  41.55
451, 49.77,  41.56
452, 49.70,  41.58
453, 49.67,  41.61
454, 49.61,  41.60
455, 49.58,  41.64
456, 49.58,  41.66
457, 49.47,  41.72
458, 49.42,  41.73
459, 49.39,  41.80
460, 49.34,  41.85
461, 49.35,  41.86
462, 49.34,  41.89
463, 49.30,  41.94
464, 49.29,  42.00
465, 49.31,  42.03
466, 49.29,  42.07
467, 49.29,  42.10
468, 49.27,  42.14
469, 49.22,  42.14
470, 49.19,  42.22
471, 49.17,  42.22
472, 49.16,  42.24
473, 49.15,  42.27
474, 49.17,  42.30
475, 49.14,  42.29
476, 49.15,  42.31
477, 49.16,  42.37
478, 49.15,  42.35
479, 49.16,  42.37
480, 49.14,  42.40
481, 49.14,  42.40
482, 49.12,  42.41
483, 49.11,  42.48
484, 49.11,  42.46
485, 49.09,  42.49
486, 49.06,  42.47
487, 49.08,  42.52
488, 49.11,  42.55
489, 49.11,  42.55
490, 49.13,  42.55
491, 49.12,  42.60
492, 49.11,  42.60
493, 49.04,  42.61
494, 49.04,  42.68
495, 49.00,  42.66
496, 48.88,  42.73
497, 48.83,  42.74
498, 48.76,  42.77
499, 48.67,  42.82
500, 48.52,  42.88
501, 48.49,  42.90
502, 48.46,  42.87
503, 48.49,  42.98
504, 48.42,  42.98
505, 48.39,  43.06
506, 48.37,  43.09
507, 48.34,  43.13
508, 48.36,  43.22
509, 48.27,  43.24
510, 48.21,  43.32
511, 48.18,  43.35
512, 48.08,  43.38
513, 48.07,  43.47
514, 48.10,  43.50
515, 48.07,  43.55
516, 48.06,  43.56
517, 48.08,  43.59
518, 48.06,  43.62
519, 48.07,  43.62
520, 48.09,  43.70
521, 48.03,  43.68
522, 48.04,  43.72
523, 48.05,  43.76
524, 48.00,  43.82
525, 48.02,  43.84
526, 47.98,  43.84
527, 48.03,  43.90
528, 48.01,  43.92
529, 47.97,  43.95
530, 47.94,  44.04
531, 47.95,  44.04
532, 47.89,  44.10
533, 47.91,  44.15
534, 47.91,  44.18
535, 47.88,  44.21
536, 47.91,  44.18
537, 47.91,  44.19
538, 47.91,  44.24
539, 47.93,  44.22
540, 47.92,  44.28
541, 47.79,  44.31
542, 47.79,  44.28
543, 47.70,  44.29
544, 47.66,  44.32
545, 47.67,  44.33
546, 47.65,  44.34
547, 47.60,  44.38
548, 47.60,  44.40
549, 47.55,  44.41
550, 47.61,  44.45
551, 47.59,  44.51
552, 47.55,  44.59
553, 47.55,  44.54
554, 47.59,  44.61
555, 47.51,  44.62
556, 47.50,  44.64
557, 47.50,  44.67
558, 47.49,  44.70
559, 47.48,  44.74
560, 47.45,  44.74
561, 47.46,  44.74
562, 47.45,  44.77
563, 47.46,  44.82
564, 47.44,  44.76
565, 47.37,  44.80
566, 47.30,  44.86
567, 47.31,  44.92
568, 47.29,  44.92
569, 47.33,  44.97
570, 47.34,  44.98
571, 47.34,  44.96
572, 47.37,  45.00
573, 47.40,  45.01
574, 47.35,  45.03
575, 47.42,  45.08
576, 47.40,  45.07
577, 47.41,  45.08
578, 47.45,  45.07
579, 47.39,  45.03
580, 47.38,  45.08
581, 47.36,  45.04
582, 47.37,  45.06
583, 47.36,  45.08
584, 47.31,  45.09
585, 47.23,  45.12
586, 47.21,  45.08
587, 47.22,  45.17
588, 47.22,  45.14
589, 47.27,  45.21
590, 47.15,  45.20
591, 47.09,  45.28
592, 47.07,  45.26
593, 47.07,  45.34
594, 47.10,  45.38
595, 47.09,  45.39
596, 47.11,  45.34
597, 47.12,  45.44
598, 47.09,  45.41
599, 47.08,  45.50
600, 47.04,  45.52
601, 46.94,  45.51
602, 46.87,  45.56
603, 46.87,  45.57
604, 46.85,  45.58
605, 46.86,  45.64
606, 46.88,  45.65
607, 46.87,  45.70
608, 46.87,  45.75
609, 46.90,  45.74
610, 46.89,  45.75
611, 46.88,  45.76
612, 46.87,  45.78
613, 46.86,  45.82
614, 46.88,  45.82
615, 46.91,  45.85
616, 46.91,  45.84
617, 46.93,  45.85
618, 46.95,  45.86
619, 47.02,  45.85
620, 47.02,  45.88
621, 47.01,  45.86
622, 47.04,  45.85
623, 47.05,  45.89
624, 47.05,  45.85
625, 47.09,  45.80
626, 47.02,  45.84
627, 47.04,  45.82
628, 47.08,  45.79
629, 47.06,  45.80
630, 47.09,  45.76
631, 47.12,  45.78
632, 47.12,  45.80
633, 47.11,  45.76
634, 47.14,  45.76
635, 47.13,  45.74
636, 47.11,  45.73
637, 47.18,  45.72
638, 47.09,  45.72
639, 47.11,  45.75
640, 47.12,  45.73
641, 47.12,  45.72
642, 47.20,  45.71
643, 47.17,  45.71
644, 47.13,  45.68
645, 47.14,  45.74
646, 47.16,  45.71
647, 47.19,  45.70
648, 47.17,  45.67
649, 47.22,  45.67
650, 47.19,  45.68
651, 47.20,  45.65
652, 47.16,  45.69
653, 47.20,  45.68
654, 47.22,  45.67
655, 47.20,  45.72
656, 47.15,  45.67
657, 47.11,  45.68
658, 47.12,  45.66
659, 47.15,  45.67
660, 47.09,  45.69
661, 47.05,  45.68
662, 47.07,  45.74
663, 47.04,  45.73
664, 47.10,  45.78
665, 47.02,  45.71
666, 46.93,  45.75
667, 46.92,  45.81
668, 46.97,  45.78
669, 46.93,  45.81
670, 46.94,  45.79
671, 46.88,  45.81
672, 46.85,  45.84
673, 46.81,  45.86
674, 46.68,  45.88
675, 46.72,  45.94
676, 46.67,  45.93
677, 46.66,  46.00
678, 46.58,  45.95
679, 46.52,  46.03
680, 46.53,  46.07
681, 46.49,  46.16
682, 46.41,  46.16
683, 46.40,  46.21
684, 46.40,  46.24
685, 46.30,  46.33
686, 46.26,  46.31
687, 46.15,  46.42
688, 46.01,  46.45
689, 46.03,  46.49
690, 45.93,  46.56
691, 45.99,  46.58
692, 45.96,  46.66
693, 45.94,  46.71
694, 45.94,  46.79
695, 45.91,  46.81
696, 45.90,  46.82
697, 45.88,  46.84
698, 45.83,  46.88
699, 45.81,  46.89
700, 45.83,  46.94
701, 45.84,  46.99
702, 45.86,  46.97
703, 45.85,  47.03
704, 45.83,  47.05
705, 45.84,  47.13
706, 45.90,  47.15
707, 45.80,  47.17
708, 45.68,  47.24
709, 45.65,  47.28
710, 45.64,  47.30
711, 45.57,  47.37
712, 45.52,  47.41
713, 45.51,  47.43
714, 45.52,  47.45
715, 45.57,  47.46
716, 45.59,  47.49
717, 45.60,  47.49
718, 45.56,  47.55
719, 45.55,  47.59
720, 45.57,  47.60
721, 45.59,  47.65
722, 45.60,  47.71
723, 45.56,  47.70
724, 45.56,  47.71
725, 45.57,  47.77
726, 45.53,  47.81
727, 45.49,  47.84
728, 45.49,  47.86
729, 45.49,  47.85
730, 45.52,  47.87
731, 45.52,  47.88
732, 45.51,  47.91
733, 45.50,  47.93
734, 45.52,  47.94
735, 45.50,  47.95
736, 45.53,  47.98
737, 45.51,  48.02
738, 45.48,  47.97
739, 45.50,  48.04
740, 45.51,  48.05
741, 45.49,  48.08
742, 45.51,  48.10
743, 45.53,  48.10
744, 45.51,  48.13
745, 45.53,  48.18
746, 45.50,  48.17
747, 45.46,  48.20
748, 45.53,  48.21
749, 45.48,  48.25
750, 45.53,  48.26
751, 45.51,  48.21
752, 45.50,  48.23
753, 45.50,  48.24
754, 45.51,  48.25
755, 45.48,  48.22
756, 45.52,  48.28
757, 45.52,  48.28
758, 45.49,  48.35
759, 45.47,  48.28
760, 45.45,  48.31
761, 45.45,  48.33
762, 45.44,  48.37
763, 45.41,  48.40
764, 45.42,  48.44
765, 45.40,  48.44
766, 45.32,  48.47
767, 45.28,  48.47
768, 45.31,  48.48
769, 45.33,  48.43
770, 45.33,  48.43
771, 45.34,  48.47
772, 45.33,  48.50
773, 45.37,  48.49
774, 45.39,  48.50
775, 45.40,  48.49
776, 45.40,  48.44
777, 45.42,  48.50
778, 45.41,  48.51
779, 45.45,  48.48
780, 45.40,  48.51
781, 45.41,  48.50
782, 45.41,  48.50
783, 45.43,  48.53
784, 45.39,  48.51
785, 45.40,  48.53
786, 45.37,  48.56
787, 45.40,  48.62
788, 45.41,  48.58
789, 45.36,  48.57
790, 45.36,  48.62
791, 45.35,  48.64
792, 45.21,  48.66
793, 45.13,  48.69
794, 45.13,  48.68
795, 45.14,  48.77
796, 45.12,  48.73
797, 45.14,  48.81
798, 45.13,  48.87
799, 45.06,  48.88
800, 44.99,  48.89
801, 45.05,  48.95
802, 45.06,  48.93
803, 45.06,  48.97
804, 45.09,  48.99
805, 45.05,  49.01
806, 45.03,  49.06
807, 45.06,  49.09
808, 45.05,  49.09
809, 45.05,  49.11
810, 45.01,  49.12
811, 44.99,  49.15
812, 44.97,  49.09
813, 45.01,  49.13
814, 45.01,  49.15
815, 45.03,  49.25
816, 45.05,  49.19
817, 45.01,  49.16
818, 44.98,  49.22
819, 44.96,  49.25
820, 44.91,  49.22
821, 44.85,  49.16
822, 44.86,  49.27
823, 44.90,  49.24
824, 44.88,  49.28
825, 44.85,  49.32
826, 44.82,  49.31
827, 44.89,  49.32
828, 44.87,  49.32
829, 44.91,  49.37
830, 44.90,  49.35
831, 44.91,  49.33
832, 44.94,  49.31
833, 44.96,  49.36
834, 44.89,  49.34
835, 44.90,  49.35
836, 44.83,  49.33
837, 44.84,  49.37
838, 44.79,  49.36
839, 44.74,  49.41
840, 44.78,  49.40
841, 44.74,  49.40
842, 44.73,  49.43
843, 44.74,  49.45
844, 44.74,  49.44
845, 44.79,  49.44
846, 44.76,  49.46
847, 44.74,  49.49
848, 44.76,  49.51
849, 44.66,  49.54
850, 44.67,  49.54
851, 44.63,  49.54
852, 44.61,  49.58
853, 44.63,  49.58
854, 44.60,  49.64
855, 44.62,  49.69
856, 44.62,  49.68
857, 44.65,  49.69
858, 44.67,  49.70
859, 44.69,  49.67
860, 44.73,  49.71
861, 44.74,  49.71
862, 44.73,  49.70
863, 44.74,  49.66
864, 44.74,  49.71
865, 44.72,  49.72
866, 44.74,  49.71
867, 44.74,  49.73
868, 44.77,  49.76
869, 44.67,  49.76
870, 44.66,  49.76
871, 44.58,  49.76
872, 44.57,  49.75
873, 44.57,  49.75
874, 44.61,  49.77
875, 44.60,  49.82
876, 44.60,  49.80
877, 44.56,  49.77
878, 44.60,  49.79
879, 44.55,  49.86
880, 44.56,  49.85
881, 44.56,  49.85
882, 44.51,  49.88
883, 44.50,  49.84
884, 44.51,  49.89
885, 44.43,  49.95
886, 44.44,  49.95
887, 44.43,  49.93
888, 44.47,  50.00
889, 44.44,  50.01
890, 44.41,  50.00
891, 44.42,  50.02
892, 44.41,  50.05
893, 44.43,  50.03
894, 44.43,  50.11
895, 44.34,  50.12
896, 44.32,  50.10
897, 44.32,  50.14
898, 44.37,  50.19
899, 44.35,  50.17
900, 44.35,  50.16
901, 44.39,  50.19
902, 44.39,  50.23
903, 44.39,  50.20
904, 44.42,  50.19
905, 44.45,  50.21
906, 44.43,  50.21
907, 44.43,  50.22
908, 44.42,  50.22
909, 44.44,  50.20
910, 44.36,  50.24
911, 44.33,  50.26
912, 44.36,  50.29
913, 44.35,  50.26
914, 44.35,  50.31
915, 44.36,  50.30
916, 44.39,  50.23
917, 44.39,  50.27
918, 44.32,  50.29
919, 44.36,  50.26
920, 42.85,  53.29
921, 42.86,  53.29
922, 42.86,  53.24
923, 42.89,  53.23
924, 42.88,  53.25
925, 42.85,  53.24926, 42.85,  53.23927, 42.88,  53.23928, 42.85,  53.27929, 42.86,  53.27930, 42.85,  53.24931, 42.84,  53.25932, 42.81,  53.22933, 42.82,  53.24934, 42.82,  53.26935, 42.83,  53.27936, 42.79,  53.29937, 42.80,  53.30938, 42.75,  53.30939, 42.81,  53.31940, 42.77,  53.32941, 42.81,  53.35942, 42.77,  53.33943, 42.77,  53.33944, 42.77,  53.36945, 42.74,  53.33946, 42.75,  53.37947, 42.72,  53.36948, 42.72,  53.39949, 42.73,  53.39950, 42.71,  53.44951, 42.69,  53.41952, 42.69,  53.41953, 42.70,  53.42954, 42.70,  53.39955, 42.73,  53.45956, 42.70,  53.41957, 42.70,  53.43958, 42.72,  53.43959, 42.72,  53.41960, 42.73,  53.44961, 42.71,  53.44962, 42.76,  53.43963, 42.72,  53.41964, 42.74,  53.44965, 42.75,  53.40966, 42.72,  53.43967, 42.77,  53.44968, 42.76,  53.45969, 42.77,  53.41970, 42.78,  53.40971, 42.78,  53.41972, 42.78,  53.33973, 42.79,  53.36974, 42.80,  53.40975, 42.76,  53.35976, 42.80,  53.38977, 42.77,  53.37978, 42.78,  53.40979, 42.78,  53.38980, 42.86,  53.39981, 42.84,  53.38982, 42.84,  53.36983, 42.91,  53.36984, 42.88,  53.36985, 42.84,  53.35986, 42.89,  53.32987, 42.85,  53.31988, 42.85,  53.33989, 42.88,  53.31990, 42.85,  53.27991, 42.86,  53.27992, 42.89,  53.28993, 42.88,  53.25994, 42.88,  53.28995, 42.83,  53.28996, 42.86,  53.25997, 42.90,  53.24998, 42.89,  53.20999, 42.93,  53.221000, 42.93,  53.221001, 42.95,  53.211002, 42.95,  53.181003, 42.90,  53.171004, 42.91,  53.201005, 42.91,  53.151006, 42.95,  53.181007, 42.94,  53.151008, 42.94,  53.121009, 42.92,  53.131010, 42.89,  53.111011, 42.91,  53.131012, 42.85,  53.151013, 42.90,  53.111014, 42.86,  53.081015, 42.88,  53.111016, 42.90,  53.101017, 42.87,  53.121018, 42.89,  53.131019, 42.87,  53.131020, 42.89,  53.151021, 42.86,  53.151022, 42.86,  53.101023, 42.87,  53.11
1024, 42.86,  53.121025, 42.82,  53.151026, 42.85,  53.151027, 42.84,  53.121028, 42.83,  53.171029, 42.84,  53.151030, 42.83,  53.201031, 42.80,  53.161032, 42.83,  53.161033, 42.86,  53.201034, 42.82,  53.171035, 42.81,  53.181036, 42.81,  53.201037, 42.83,  53.121038, 42.79,  53.131039, 42.84,  53.151040, 42.78,  53.181041, 42.85,  53.211042, 42.84,  53.181043, 42.87,  53.261044, 42.88,  53.251045, 42.87,  53.281046, 42.87,  53.271047, 42.89,  53.311048, 42.89,  53.291049, 42.91,  53.331050, 42.88,  53.321051, 42.92,  53.351052, 42.96,  53.381053, 42.91,  53.421054, 42.92,  53.371055, 42.91,  53.421056, 42.94,  53.411057, 42.96,  53.401058, 42.94,  53.401059, 42.94,  53.371060, 42.95,  53.371061, 42.96,  53.391062, 42.96,  53.381063, 42.93,  53.421064, 42.95,  53.391065, 42.94,  53.411066, 42.93,  53.371067, 42.97,  53.351068, 42.94,  53.331069, 42.93,  53.301070, 42.95,  53.271071, 42.99,  53.311072, 42.96,  53.331073, 42.93,  53.301074, 42.95,  53.261075, 42.93,  53.311076, 42.96,  53.251077, 42.96,  53.291078, 42.95,  53.241079, 42.94,  53.271080, 42.97,  53.251081, 42.94,  53.251082, 42.96,  53.241083, 42.97,  53.221084, 42.95,  53.231085, 42.93,  53.211086, 42.91,  53.251087, 42.92,  53.191088, 42.93,  53.211089, 42.91,  53.171090, 42.98,  53.221091, 42.97,  53.261092, 42.94,  53.221093, 42.96,  53.211094, 42.96,  53.191095, 42.96,  53.191096, 42.95,  53.171097, 42.98,  53.201098, 42.96,  53.191099, 42.99,  53.201100, 42.95,  53.171101, 42.98,  53.231102, 42.96,  53.211103, 42.93,  53.201104, 42.96,  53.221105, 42.99,  53.231106, 43.00,  53.231107, 42.96,  53.211108, 43.02,  53.231109, 43.01,  53.241110, 43.02,  53.221111, 43.03,  53.221112, 43.05,  53.231113, 43.02,  53.221114, 43.06,  53.271115, 43.03,  53.251116, 43.02,  53.261117, 43.04,  53.281118, 43.05,  53.271119, 43.03,  53.291120, 43.00,  53.271121, 43.03,  53.271122, 43.06,  53.261123, 43.08,  53.321124, 43.06,  53.261125, 43.07,  53.231126, 43.05,  53.271127, 43.01,  53.261128, 43.05,  53.231129, 43.02,  53.201130, 43.03,  53.201131, 43.02,  53.191132, 43.04,  53.131133, 43.02,  53.141134, 43.05,  53.131135, 43.04,  53.121136, 43.02,  53.131137, 43.02,  53.131138, 43.04,  53.081139, 42.98,  53.091140, 43.02,  53.081141, 42.96,  53.101142, 42.94,  53.101143, 42.93,  53.111144, 42.94,  53.111145, 42.90,  53.121146, 42.91,  53.141147, 42.88,  53.141148, 42.94,  53.181149, 42.88,  53.151150, 42.88,  53.121151, 42.90,  53.201152, 42.89,  53.181153, 42.89,  53.151154, 42.92,  53.181155, 42.91,  53.191156, 42.91,  53.171157, 42.91,  53.171158, 42.90,  53.181159, 42.87,  53.201160, 42.82,  53.131161, 42.85,  53.181162, 42.82,  53.211163, 42.84,  53.201164, 42.83,  53.231165, 42.80,  53.221166, 42.81,  53.281167, 42.81,  53.231168, 42.82,  53.251169, 42.84,  53.281170, 42.84,  53.271171, 42.82,  53.291172, 42.80,  53.291173, 42.83,  53.291174, 42.82,  53.251175, 42.84,  53.311176, 42.87,  53.281177, 42.86,  53.271178, 42.87,  53.231179, 42.86,  53.231180, 42.88,  53.231181, 42.90,  53.181182, 42.93,  53.261183, 42.91,  53.231184, 42.91,  53.231185, 42.89,  53.191186, 42.89,  53.231187, 42.89,  53.231188, 42.92,  53.251189, 42.89,  53.211190, 42.88,  53.211191, 42.85,  53.231192, 42.87,  53.201193, 42.83,  53.221194, 42.82,  53.201195, 42.88,  53.261196, 42.84,  53.231197, 42.83,  53.221198, 42.84,  53.261199, 42.82,  53.211200, 42.85,  53.251201, 42.83,  53.211202, 42.83,  53.211203, 42.82,  53.231204, 42.76,  53.221205, 42.76,  53.261206, 42.73,  53.301207, 42.73,  53.261208, 42.73,  53.281209, 42.75,  53.271210, 42.73,  53.321211, 42.73,  53.311212, 42.74,  53.341213, 42.70,  53.341214, 42.74,  53.391215, 42.75,  53.391216, 42.75,  53.441217, 42.68,  53.441218, 42.69,  53.491219, 42.76,  53.491220, 42.73,  53.561221, 42.76,  53.621222, 42.72,  53.621223, 42.71,  53.601224, 42.76,  53.751225, 42.73,  53.751226, 42.74,  53.781227, 42.72,  53.801228, 42.75,  53.761229, 42.74,  53.811230, 42.74,  53.841231, 42.78,  53.781232, 42.76,  53.801233, 42.74,  53.801234, 42.74,  53.821235, 42.74,  53.811236, 42.78,  53.811237, 42.79,  53.791238, 42.77,  53.781239, 42.78,  53.841240, 42.71,  53.721241, 42.77,  53.731242, 42.80,  53.761243, 42.77,  53.751244, 42.75,  53.701245, 42.78,  53.701246, 42.79,  53.681247, 42.81,  53.711248, 42.79,  53.661249, 42.80,  53.581250, 42.77,  53.561251, 42.84,  53.601252, 42.81,  53.551253, 42.82,  53.541254, 42.80,  53.501255, 42.83,  53.511256, 42.82,  53.481257, 42.82,  53.481258, 42.86,  53.491259, 42.83,  53.451260, 42.89,  53.441261, 42.84,  53.411262, 42.90,  53.381263, 42.89,  53.301264, 42.91,  53.371265, 42.91,  53.381266, 42.91,  53.331267, 42.94,  53.341268, 42.90,  53.271269, 42.93,  53.261270, 42.95,  53.261271, 42.95,  53.261272, 42.90,  53.191273, 42.91,  53.231274, 42.89,  53.151275, 42.88,  53.161276, 42.89,  53.171277, 42.83,  53.161278, 42.84,  53.141279, 42.83,  53.121280, 42.88,  53.171281, 42.86,  53.131282, 42.88,  53.161283, 42.84,  53.131284, 42.87,  53.121285, 42.84,  53.131286, 42.84,  53.161287, 42.78,  53.111288, 42.80,  53.101289, 42.74,  53.141290, 42.74,  53.181291, 42.75,  53.151292, 42.74,  53.141293, 42.79,  53.161294, 42.81,  53.171295, 42.78,  53.211296, 42.76,  53.221297, 42.72,  53.241298, 42.72,  53.261299, 42.69,  53.271300, 42.64,  53.321301, 42.65,  53.321302, 42.65,  53.341303, 42.66,  53.371304, 42.65,  53.341305, 42.67,  53.371306, 42.68,  53.391307, 42.69,  53.431308, 42.71,  53.421309, 42.69,  53.501310, 42.73,  53.521311, 42.73,  53.541312, 42.76,  53.561313, 42.74,  53.461314, 42.72,  53.451315, 42.72,  53.481316, 42.71,  53.501317, 42.70,  53.461318, 42.72,  53.451319, 42.71,  53.451320, 42.74,  53.471321, 42.72,  53.471322, 42.67,  53.471323, 42.66,  53.431324, 42.65,  53.411325, 42.65,  53.421326, 42.65,  53.451327, 42.62,  53.451328, 42.66,  53.451329, 42.66,  53.461330, 42.65,  53.471331, 42.69,  53.421332, 42.66,  53.451333, 42.71,  53.431334, 42.75,  53.421335, 42.69,  53.461336, 42.75,  53.501337, 42.76,  53.441338, 42.75,  53.431339, 42.75,  53.461340, 42.76,  53.451341, 42.74,  53.421342, 42.71,  53.431343, 42.74,  53.441344, 42.73,  53.441345, 42.73,  53.431346, 42.72,  53.471347, 42.71,  53.471348, 42.77,  53.431349, 42.74,  53.461350, 42.78,  53.441351, 42.76,  53.431352, 42.76,  53.461353, 42.74,  53.451354, 42.77,  53.461355, 42.76,  53.461356, 42.76,  53.481357, 42.77,  53.551358, 42.82,  53.501359, 42.78,  53.461360, 42.83,  53.531361, 42.80,  53.461362, 42.84,  53.511363, 42.86,  53.511364, 42.89,  53.441365, 42.88,  53.441366, 42.90,  53.461367, 42.90,  53.451368, 42.91,  53.381369, 42.87,  53.361370, 42.90,  53.421371, 42.91,  53.391372, 42.92,  53.391373, 42.90,  53.381374, 42.91,  53.351375, 42.91,  53.371376, 42.93,  53.351377, 42.90,  53.331378, 42.93,  53.331379, 42.96,  53.321380, 42.96,  53.371381, 42.93,  53.371382, 42.96,  53.371383, 42.92,  53.411384, 42.96,  53.371385, 42.94,  53.461386, 42.91,  53.481387, 42.90,  53.511388, 42.89,  53.481389, 42.89,  53.511390, 42.93,  53.511391, 42.88,  53.541392, 42.91,  53.561393, 42.89,  53.541394, 42.90,  53.541395, 42.89,  53.541396, 42.92,  53.531397, 42.88,  53.531398, 42.89,  53.551399, 42.91,  53.561400, 42.94,  53.591401, 42.94,  53.551402, 42.91,  53.601403, 42.93,  53.581404, 42.93,  53.621405, 42.91,  53.591406, 42.91,  53.601407, 42.94,  53.581408, 42.95,  53.631409, 42.94,  53.661410, 42.96,  53.661411, 42.93,  53.641412, 42.94,  53.651413, 42.91,  53.731414, 42.94,  53.741415, 42.90,  53.741416, 42.87,  53.821417, 42.89,  53.801418, 42.89,  53.841419, 42.88,  53.881420, 42.87,  53.901421, 42.91,  53.941422, 42.87,  53.881423, 42.87,  53.891424, 42.90,  53.891425, 42.87,  53.821426, 42.84,  53.801427, 42.78,  53.741428, 42.74,  53.751429, 42.74,  53.731430, 42.79,  53.781431, 42.81,  53.741432, 42.76,  53.731433, 42.77,  53.711434, 42.76,  53.671435, 42.76,  53.691436, 42.80,  53.661437, 42.78,  53.631438, 42.80,  53.631439, 42.82,  53.611440, 42.83,  53.671441, 42.84,  53.601442, 42.83,  53.591443, 42.84,  53.591444, 42.81,  53.621445, 42.81,  53.521446, 42.83,  53.581447, 42.83,  53.521448, 42.81,  53.511449, 42.78,  53.511450, 42.76,  53.501451, 42.75,  53.511452, 42.77,  53.541453, 42.82,  53.521454, 42.79,  53.541455, 42.82,  53.561456, 42.79,  53.531457, 42.78,  53.571458, 42.76,  53.551459, 42.79,  53.541460, 42.76,  53.541461, 42.77,  53.541462, 42.75,  53.531463, 42.79,  53.521464, 42.78,  53.521465, 42.76,  53.471466, 42.76,  53.531467, 42.74,  53.471468, 42.75,  53.471469, 42.68,  53.491470, 42.70,  53.481471, 42.72,  53.471472, 42.70,  53.521473, 42.67,  53.461474, 42.67,  53.481475, 42.67,  53.431476, 42.69,  53.431477, 42.69,  53.441478, 42.73,  53.501479, 42.71,  53.501480, 42.72,  53.471481, 42.69,  53.431482, 42.68,  53.461483, 42.70,  53.511484, 42.70,  53.501485, 42.68,  53.481486, 42.67,  53.511487, 42.65,  53.481488, 42.65,  53.511489, 42.71,  53.531490, 42.69,  53.531491, 42.64,  53.531492, 42.64,  53.541493, 42.65,  53.571494, 42.66,  53.551495, 42.65,  53.591496, 42.66,  53.551497, 42.72,  53.601498, 42.70,  53.581499, 42.70,  53.581500, 42.71,  53.561501, 42.71,  53.541502, 42.69,  53.551503, 42.71,  53.521504, 42.72,  53.501505, 42.73,  53.461506, 42.68,  53.551507, 42.69,  53.501508, 42.69,  53.511509, 42.69,  53.551510, 42.67,  53.531511, 42.70,  53.531512, 42.74,  53.551513, 42.76,  53.581514, 42.77,  53.561515, 42.80,  53.581516, 42.79,  53.541517, 42.81,  53.541518, 42.81,  53.531519, 42.83,  53.541520, 42.84,  53.541521, 42.85,  53.541522, 42.84,  53.521523, 42.85,  53.501524, 42.81,  53.441525, 42.82,  53.481526, 42.84,  53.451527, 42.86,  53.411528, 42.90,  53.431529, 42.88,  53.431530, 42.85,  53.381531, 42.86,  53.431532, 42.90,  53.451533, 42.88,  53.411534, 42.90,  53.451535, 42.90,  53.351536, 42.85,  53.381537, 42.87,  53.381538, 42.91,  53.391539, 42.89,  53.361540, 42.89,  53.381541, 42.92,  53.391542, 42.90,  53.391543, 42.89,  53.371544, 42.87,  53.411545, 42.88,  53.361546, 42.85,  53.341547, 42.83,  53.351548, 42.84,  53.321549, 42.78,  53.301550, 42.78,  53.291551, 42.73,  53.291552, 42.75,  53.321553, 42.74,  53.301554, 42.74,  53.291555, 42.71,  53.321556, 42.70,  53.291557, 42.66,  53.271558, 42.68,  53.341559, 42.69,  53.311560, 42.67,  53.301561, 42.64,  53.311562, 42.66,  53.331563, 42.67,  53.291564, 42.68,  53.321565, 42.67,  53.341566, 42.68,  53.321567, 42.64,  53.321568, 42.70,  53.301569, 42.69,  53.341570, 42.69,  53.321571, 42.70,  53.301572, 42.68,  53.311573, 42.72,  53.371574, 42.73,  53.381575, 42.70,  53.331576, 42.68,  53.301577, 42.71,  53.331578, 42.76,  53.361579, 42.71,  53.371580, 42.67,  53.391581, 42.65,  53.371582, 42.62,  53.391583, 42.60,  53.461584, 42.64,  53.411585, 42.67,  53.401586, 42.67,  53.391587, 42.65,  53.451588, 42.65,  53.401589, 42.69,  53.411590, 42.68,  53.421591, 42.70,  53.401592, 42.68,  53.401593, 42.68,  53.411594, 42.64,  53.371595, 42.65,  53.431596, 42.66,  53.431597, 42.67,  53.471598, 42.69,  53.461599, 42.71,  53.441600, 42.71,  53.411601, 42.73,  53.441602, 42.70,  53.371603, 42.72,  53.441604, 42.72,  53.421605, 42.75,  53.461606, 42.75,  53.411607, 42.74,  53.441608, 42.72,  53.441609, 42.69,  53.401610, 42.72,  53.461611, 42.71,  53.431612, 42.73,  53.461613, 42.68,  53.431614, 42.68,  53.441615, 42.66,  53.461616, 42.67,  53.441617, 42.66,  53.471618, 42.68,  53.441619, 42.69,  53.441620, 42.67,  53.441621, 42.69,  53.491622, 42.66,  53.501623, 42.66,  53.511624, 42.66,  53.471625, 42.67,  53.471626, 42.67,  53.511627, 42.64,  53.491628, 42.64,  53.471629, 42.64,  53.531630, 42.63,  53.511631, 42.63,  53.541632, 42.65,  53.521633, 42.68,  53.551634, 42.69,  53.551635, 42.68,  53.531636, 42.70,  53.591637, 42.68,  53.571638, 42.69,  53.631639, 42.70,  53.601640, 42.71,  53.591641, 42.73,  53.611642, 42.71,  53.611643, 42.73,  53.621644, 42.70,  53.621645, 42.70,  53.591646, 42.75,  53.611647, 42.77,  53.621648, 42.78,  53.611649, 42.78,  53.571650, 42.79,  53.561651, 42.74,  53.551652, 42.78,  53.531653, 42.76,  53.551654, 42.78,  53.571655, 42.75,  53.541656, 42.78,  53.501657, 42.75,  53.511658, 42.75,  53.491659, 42.76,  53.511660, 42.78,  53.531661, 42.81,  53.531662, 42.82,  53.521663, 42.81,  53.541664, 42.80,  53.531665, 42.82,  53.551666, 42.80,  53.551667, 42.84,  53.611668, 42.84,  53.561669, 42.78,  53.571670, 42.79,  53.541671, 42.79,  53.531672, 42.78,  53.501673, 42.82,  53.531674, 42.77,  53.471675, 42.81,  53.461676, 42.80,  53.521677, 42.77,  53.501678, 42.81,  53.521679, 42.77,  53.511680, 42.74,  53.511681, 42.77,  53.521682, 42.81,  53.511683, 42.77,  53.491684, 42.77,  53.511685, 42.78,  53.511686, 42.81,  53.511687, 42.78,  53.521688, 42.79,  53.501689, 42.83,  53.501690, 42.82,  53.481691, 42.79,  53.471692, 42.79,  53.491693, 42.82,  53.511694, 42.81,  53.511695, 42.79,  53.531696, 42.82,  53.481697, 42.78,  53.471698, 42.78,  53.471699, 42.79,  53.451700, 42.80,  53.431701, 42.77,  53.461702, 42.78,  53.481703, 42.78,  53.451704, 42.81,  53.381705, 42.83,  53.441706, 42.80,  53.431707, 42.82,  53.461708, 42.85,  53.431709, 42.80,  53.461710, 42.82,  53.431711, 42.85,  53.461712, 42.86,  53.421713, 42.84,  53.451714, 42.84,  53.481715, 42.77,  53.461716, 42.75,  53.471717, 42.71,  53.451718, 42.72,  53.511719, 42.74,  53.501720, 42.72,  53.491721, 42.72,  53.551722, 42.74,  53.541723, 42.72,  53.571724, 42.74,  53.601725, 42.73,  53.601726, 42.76,  53.601727, 42.79,  53.631728, 42.77,  53.661729, 42.77,  53.681730, 42.75,  53.691731, 42.77,  53.741732, 42.79,  53.731733, 42.74,  53.731734, 42.79,  53.781735, 42.76,  53.791736, 42.76,  53.831737, 42.73,  53.851738, 42.73,  53.891739, 42.76,  53.871740, 42.78,  53.871741, 42.75,  53.901742, 42.73,  53.871743, 42.76,  53.891744, 42.73,  53.911745, 42.78,  53.931746, 42.73,  53.921747, 42.71,  53.901748, 42.70,  53.911749, 42.72,  53.901750, 42.69,  53.861751, 42.65,  53.871752, 42.62,  53.861753, 42.62,  53.881754, 42.63,  53.861755, 42.62,  53.891756, 42.62,  53.851757, 42.61,  53.811758, 42.58,  53.841759, 42.54,  53.841760, 42.57,  53.851761, 42.52,  53.891762, 42.52,  53.861763, 42.54,  53.901764, 42.54,  53.861765, 42.55,  53.881766, 42.49,  53.901767, 42.53,  53.921768, 42.53,  53.911769, 42.55,  53.941770, 42.56,  53.971771, 42.60,  53.951772, 42.61,  53.951773, 42.60,  53.921774, 42.63,  53.961775, 42.66,  53.931776, 42.70,  53.951777, 42.69,  53.961778, 42.73,  53.941779, 42.75,  53.961780, 42.75,  53.941781, 42.78,  53.931782, 42.79,  53.931783, 42.82,  53.931784, 42.81,  53.951785, 42.78,  53.971786, 42.76,  53.991787, 42.78,  54.081788, 42.78,  54.121789, 42.79,  54.131790, 42.80,  54.141791, 42.77,  54.111792, 42.81,  54.131793, 42.79,  54.171794, 42.79,  54.141795, 42.77,  54.131796, 42.76,  54.111797, 42.75,  54.131798, 42.73,  54.101799, 42.78,  54.111800, 42.74,  54.08